BTC DIRECTIONAL IMPACT ON DOGE
==================================================


BTC_UP_STRONG
-------------
Total instances: 1278

Lag (min) Avg Return %   Win Rate %     Sample Size
--------------------------------------------------
1         0.3008         89.1           1278      
2         0.2993         82.9           1278      
3         0.2888         79.0           1278      
4         0.2796         74.8           1277      
5         0.2738         73.1           1277      
6         0.2877         71.5           1277      
7         0.2819         70.3           1277      
8         0.2765         69.8           1277      
9         0.2656         67.2           1277      
10        0.2705         67.0           1277      
15        0.2494         62.6           1276      
20        0.2458         61.8           1276      
30        0.2081         58.0           1275      


BTC_UP_MEDIUM
-------------
Total instances: 3386

Lag (min) Avg Return %   Win Rate %     Sample Size
--------------------------------------------------
1         0.1375         81.7           3386      
2         0.1357         75.3           3386      
3         0.1302         71.3           3386      
4         0.1328         69.5           3386      
5         0.1332         67.8           3386      
6         0.1326         65.9           3386      
7         0.1302         64.9           3386      
8         0.1290         64.6           3386      
9         0.1252         63.1           3386      
10        0.1240         62.3           3385      
15        0.1262         60.6           3385      
20        0.1387         60.3           3384      
30        0.1489         59.3           3382      


BTC_UP_SMALL
------------
Total instances: 16555

Lag (min) Avg Return %   Win Rate %     Sample Size
--------------------------------------------------
1         0.0487         67.1           16555     
2         0.0463         62.2           16555     
3         0.0450         60.3           16554     
4         0.0452         59.5           16554     
5         0.0456         58.4           16554     
6         0.0455         57.8           16554     
7         0.0437         56.5           16554     
8         0.0430         56.0           16553     
9         0.0433         56.0           16553     
10        0.0433         55.6           16553     
15        0.0420         54.7           16550     
20        0.0361         54.4           16548     
30        0.0312         52.8           16545     


BTC_DOWN_SMALL
--------------
Total instances: 16561

Lag (min) Avg Return %   Win Rate %     Sample Size
--------------------------------------------------
1         -0.0486        35.6           16560     
2         -0.0463        39.3           16559     
3         -0.0453        40.9           16559     
4         -0.0461        41.8           16559     
5         -0.0466        42.4           16558     
6         -0.0472        43.1           16557     
7         -0.0463        43.8           16557     
8         -0.0458        44.4           16557     
9         -0.0467        44.2           16556     
10        -0.0469        45.1           16556     
15        -0.0488        46.2           16556     
20        -0.0498        46.4           16555     
30        -0.0547        47.0           16551     


BTC_DOWN_MEDIUM
---------------
Total instances: 3431

Lag (min) Avg Return %   Win Rate %     Sample Size
--------------------------------------------------
1         -0.1499        16.6           3431      
2         -0.1477        22.9           3431      
3         -0.1461        27.1           3431      
4         -0.1465        29.5           3431      
5         -0.1467        31.2           3431      
6         -0.1479        32.9           3431      
7         -0.1440        34.5           3430      
8         -0.1457        35.4           3430      
9         -0.1412        36.2           3430      
10        -0.1440        37.2           3430      
15        -0.1426        40.3           3429      
20        -0.1459        41.6           3428      
30        -0.1539        42.7           3428      


BTC_DOWN_STRONG
---------------
Total instances: 1263

Lag (min) Avg Return %   Win Rate %     Sample Size
--------------------------------------------------
1         -0.2935        11.4           1263      
2         -0.3045        16.6           1263      
3         -0.2950        21.3           1263      
4         -0.2993        23.1           1263      
5         -0.3071        25.7           1263      
6         -0.3190        27.1           1263      
7         -0.3200        27.9           1263      
8         -0.3192        30.8           1263      
9         -0.3169        31.2           1263      
10        -0.3203        31.3           1263      
15        -0.3435        32.4           1263      
20        -0.3478        36.3           1263      
30        -0.3449        37.5           1263      

