BTC DIRECTIONAL IMPACT ON DOGE
==================================================


BTC_UP_STRONG
-------------
Total instances: 98506

Lag (min) Avg Return %   Win Rate %     Sample Size
--------------------------------------------------
1         0.2634         80.1           98506     
2         0.2653         76.3           98506     
3         0.2693         73.8           98506     
4         0.2724         72.2           98506     
5         0.2751         70.9           98506     
6         0.2748         69.5           98506     
7         0.2723         68.5           98506     
8         0.2708         67.7           98506     
9         0.2708         66.8           98506     
10        0.2768         66.6           98506     
15        0.2875         64.5           98506     
20        0.2925         63.1           98506     
30        0.3016         61.0           98506     


BTC_UP_MEDIUM
-------------
Total instances: 221908

Lag (min) Avg Return %   Win Rate %     Sample Size
--------------------------------------------------
1         0.1131         73.0           221908    
2         0.1126         69.9           221908    
3         0.1130         68.0           221908    
4         0.1136         66.5           221908    
5         0.1150         65.5           221908    
6         0.1153         64.4           221908    
7         0.1153         63.7           221908    
8         0.1160         63.1           221908    
9         0.1163         62.5           221908    
10        0.1187         62.2           221908    
15        0.1212         60.3           221908    
20        0.1237         59.2           221908    
30        0.1275         57.8           221908    


BTC_UP_SMALL
------------
Total instances: 1050861

Lag (min) Avg Return %   Win Rate %     Sample Size
--------------------------------------------------
1         0.0356         60.1           1050861   
2         0.0351         59.3           1050860   
3         0.0349         58.6           1050859   
4         0.0351         58.0           1050859   
5         0.0358         57.5           1050859   
6         0.0358         57.1           1050859   
7         0.0358         56.8           1050859   
8         0.0355         56.4           1050858   
9         0.0355         56.2           1050858   
10        0.0361         56.0           1050857   
15        0.0376         55.1           1050854   
20        0.0385         54.5           1050851   
30        0.0395         53.7           1050846   


BTC_DOWN_SMALL
--------------
Total instances: 1056718

Lag (min) Avg Return %   Win Rate %     Sample Size
--------------------------------------------------
1         -0.0324        38.0           1056717   
2         -0.0316        42.1           1056717   
3         -0.0312        43.9           1056717   
4         -0.0311        44.9           1056716   
5         -0.0314        45.5           1056715   
6         -0.0310        46.1           1056715   
7         -0.0305        46.6           1056714   
8         -0.0299        46.9           1056714   
9         -0.0297        47.1           1056714   
10        -0.0299        47.3           1056714   
15        -0.0292        47.9           1056712   
20        -0.0279        48.2           1056710   
30        -0.0250        48.6           1056705   


BTC_DOWN_MEDIUM
---------------
Total instances: 223087

Lag (min) Avg Return %   Win Rate %     Sample Size
--------------------------------------------------
1         -0.1130        25.1           223087    
2         -0.1114        30.6           223087    
3         -0.1103        33.6           223087    
4         -0.1095        35.6           223087    
5         -0.1097        36.9           223087    
6         -0.1088        38.2           223087    
7         -0.1076        39.2           223087    
8         -0.1067        39.9           223087    
9         -0.1046        40.7           223087    
10        -0.1051        41.1           223087    
15        -0.1034        42.9           223087    
20        -0.1005        43.8           223087    
30        -0.0905        45.4           223087    


BTC_DOWN_STRONG
---------------
Total instances: 96629

Lag (min) Avg Return %   Win Rate %     Sample Size
--------------------------------------------------
1         -0.2781        18.2           96629     
2         -0.2754        23.8           96629     
3         -0.2746        27.1           96629     
4         -0.2732        29.5           96629     
5         -0.2717        31.3           96629     
6         -0.2678        32.7           96629     
7         -0.2635        33.9           96629     
8         -0.2579        34.9           96629     
9         -0.2542        35.6           96629     
10        -0.2575        36.2           96629     
15        -0.2479        38.5           96629     
20        -0.2350        40.4           96629     
30        -0.2100        42.6           96629     

